15:55:08 mode 28 RL
15:55:08 D 180 1 3.50 0.000 0 0 0.00
15:55:09 D 360 1 5.25 0.000 0 0 0.00
15:55:09 D 540 1 4.15 0.000 0 0 0.00
15:55:09 D 725 1 4.56 0.000 0 0 0.00
15:55:09 D 905 1 5.53 0.000 0 0 0.00
15:55:09 D 1085 1 4.93 0.000 0 0 0.00
15:55:09 D 1270 1 5.79 0.000 0 0 0.00
15:55:10 D 1450 1 5.89 0.000 0 0 0.00
15:55:10 D 1630 1 6.42 0.000 0 0 0.00
15:55:10 D 1815 1 6.17 0.000 0 0 0.00
15:55:10 D 1995 1 6.13 0.000 0 0 0.00
15:55:10 D 2175 1 6.08 0.000 0 0 0.00
15:55:10 D 2360 1 5.79 0.000 0 0 0.00
15:55:11 D 2540 1 5.68 0.000 0 0 0.00
15:55:11 D 2720 1 5.70 0.000 0 0 0.00
15:55:11 D 2900 1 5.67 0.000 0 0 0.00
15:55:11 D 3085 1 5.80 0.000 0 0 0.00
15:55:11 D 3265 1 5.83 0.000 0 0 0.00
15:55:12 D 3450 1 5.73 0.000 0 0 0.00
15:55:12 D 3630 1 5.84 0.000 0 0 0.00
15:55:12 D 3810 1 5.86 0.000 0 0 0.00
15:55:12 D 3995 1 5.70 0.000 0 0 0.00
15:55:12 D 4175 1 5.76 0.000 0 0 0.00
15:55:13 D 4360 1 5.65 0.000 0 0 0.00
15:55:13 D 4540 1 5.77 0.000 0 0 0.00
15:55:13 D 4725 1 5.61 0.000 0 0 0.00
15:55:13 D 4905 1 5.63 0.000 0 0 0.00
15:55:13 cal done: pitch zero 26815619056600836000000000000000000000000000000000000000000000000000000000000000000000000000000000000000000000000000000000000000000000000000000000000000000.00 roll zero -0.00 bias -0.0000 -2.0000 -26815622197122192000000000000000000000000000000000000000000000000000000000000000000000000000000000000000000000000000000000000000000000000000000000000000000.0000
15:55:13 D 5090 0 -0.20 0.000 0 0 4.54
15:55:13 D 5190 0 -0.36 0.000 0 0 4.54
15:55:13 D 5290 0 -0.38 0.000 0 0 4.54
15:55:14 D 5390 0 -0.42 0.000 0 0 4.54
15:55:14 D 5490 0 -0.44 0.000 0 0 4.54
15:55:14 D 5590 0 -0.37 0.000 0 0 4.54
15:55:14 D 5690 0 -0.18 0.000 0 0 4.54
15:55:14 D 5790 0 0.04 0.000 0 0 4.54
15:55:14 D 5890 0 0.29 0.000 0 0 4.54
15:55:14 D 5990 0 0.45 0.000 0 0 4.54
15:55:14 D 6090 0 0.83 0.000 0 0 4.54
15:55:14 D 6190 0 1.28 0.000 0 0 4.54
15:55:14 D 6290 0 0.88 0.000 0 0 4.54
15:55:15 D 6390 0 1.60 0.000 0 0 4.54
15:55:15 D 6490 0 1.79 0.000 0 0 4.54
15:55:15 D 6590 0 1.92 0.000 0 0 4.54
15:55:15 D 6690 0 1.65 0.000 0 0 4.54
15:55:15 D 6790 0 1.56 0.000 0 0 4.54
15:55:15 D 6890 0 1.34 0.000 0 0 4.54
15:55:15 D 6990 0 0.94 0.000 0 0 4.54
15:55:15 D 7090 0 0.85 0.000 0 0 4.54
15:55:15 D 7190 0 0.78 0.000 0 0 4.54
15:55:15 D 7290 0 0.85 0.000 0 0 4.54
15:55:16 D 7390 0 0.97 0.000 0 0 4.54
15:55:16 D 7490 0 0.89 0.000 0 0 4.54
15:55:16 D 7590 0 0.72 0.000 0 0 4.54
15:55:16 D 7690 0 0.81 0.000 0 0 4.54
15:55:16 D 7790 0 0.90 0.000 0 0 4.54
15:55:16 D 7890 0 0.87 0.000 0 0 4.54
15:55:16 D 7990 0 0.85 0.000 0 0 4.54
15:55:16 D 8090 0 0.95 0.000 0 0 4.54
15:55:16 D 8190 0 1.02 0.000 0 0 4.54
15:55:16 D 8290 0 0.91 0.000 0 0 4.54
15:55:17 D 8390 0 0.88 0.000 0 0 4.54
15:55:17 D 8490 0 0.64 0.000 0 0 4.54
15:55:17 D 8590 0 0.67 0.000 0 0 4.54
15:55:17 D 8690 0 0.77 0.000 0 0 4.54
15:55:17 D 8790 0 0.81 0.000 0 0 4.54
15:55:17 D 8890 0 0.76 0.000 0 0 4.54
15:55:17 D 8990 0 0.72 0.000 0 0 4.54
15:55:17 D 9090 0 0.79 0.000 0 0 4.54
15:55:17 D 9190 0 0.85 0.000 0 0 4.54
15:55:17 D 9290 0 0.92 0.000 0 0 4.54
15:55:18 D 9390 0 0.93 0.000 0 0 4.54
15:55:18 D 9490 0 0.85 0.000 0 0 4.54
15:55:18 D 9590 0 0.89 0.000 0 0 4.54
15:55:18 D 9690 0 0.87 0.000 0 0 4.54
15:55:18 D 9790 0 0.84 0.000 0 0 4.54
15:55:18 D 9890 0 0.91 0.000 0 0 4.54
15:55:18 D 9990 0 1.03 0.000 0 0 4.54
15:55:18 D 10090 0 1.08 0.000 0 0 4.54
15:55:18 D 10190 0 1.09 0.000 0 0 4.54
15:55:18 D 10290 0 1.03 0.000 0 0 4.54
15:55:19 D 10390 0 1.01 0.000 0 0 4.54
15:55:19 D 10490 0 0.95 0.000 0 0 4.54
15:55:19 D 10590 0 0.84 0.000 0 0 4.54
15:55:19 D 10690 0 0.81 0.000 0 0 4.54
15:55:19 D 10790 0 0.84 0.000 0 0 4.54
15:55:19 D 10890 0 0.79 0.000 0 0 4.54
15:55:19 D 10990 0 0.74 0.000 0 0 4.54
15:55:19 D 11090 0 0.69 0.000 0 0 4.54
15:55:19 D 11190 0 0.79 0.000 0 0 4.54
15:55:19 D 11290 0 0.76 0.000 0 0 4.54
15:55:20 D 11390 0 0.73 0.000 0 0 4.54
15:55:20 D 11490 0 0.80 0.000 0 0 4.54
15:55:20 D 11590 0 0.86 0.000 0 0 4.54
15:55:20 D 11690 0 0.85 0.000 0 0 4.54
15:55:20 D 11790 0 0.79 0.000 0 0 4.54
15:55:20 D 11890 0 0.76 0.000 0 0 4.54
15:55:20 D 11990 0 0.79 0.000 0 0 4.54
15:55:20 D 12090 0 0.64 0.000 0 0 4.54
15:55:20 D 12190 0 0.61 0.000 0 0 4.54
15:55:20 D 12290 0 0.81 0.000 0 0 4.54
15:55:21 D 12390 0 0.88 0.000 0 0 4.54
15:55:21 D 12490 0 0.82 0.000 0 0 4.54
15:55:21 D 12590 0 0.85 0.000 0 0 4.54
15:55:21 D 12690 0 0.78 0.000 0 0 4.54
15:55:21 D 12790 0 0.79 0.000 0 0 4.54
15:55:21 D 12890 0 0.74 0.000 0 0 4.54
15:55:21 D 12990 0 0.64 0.000 0 0 4.54
15:55:21 D 13090 0 0.70 0.000 0 0 4.54
15:55:21 D 13190 0 0.68 0.000 0 0 4.54
15:55:21 D 13290 0 0.60 0.000 0 0 4.54
15:55:22 D 13390 0 0.60 0.000 0 0 4.54
15:55:22 D 13490 0 0.55 0.000 0 0 4.54
15:55:22 D 13590 0 0.62 0.000 0 0 4.54
15:55:22 D 13690 0 0.47 0.000 0 0 4.54
15:55:22 D 13790 0 0.33 0.000 0 0 4.54
15:55:22 D 13890 0 0.53 0.000 0 0 4.54
15:55:22 D 13990 0 0.40 0.000 0 0 4.54
15:55:22 D 14090 0 0.30 0.000 0 0 4.54
15:55:22 D 14190 0 0.28 0.000 0 0 4.54
15:55:22 D 14290 0 0.27 0.000 0 0 4.54
15:55:23 D 14390 0 0.27 0.000 0 0 4.54
15:55:23 D 14490 0 0.20 0.000 0 0 4.54
15:55:23 D 14590 0 0.28 0.000 0 0 4.54
15:55:23 D 14690 0 0.29 0.000 0 0 4.54
15:55:23 D 14790 0 0.25 0.000 0 0 4.54
15:55:23 D 14890 0 0.27 0.000 0 0 4.54
15:55:23 D 14990 0 0.39 0.000 0 0 4.54
15:55:23 D 15090 0 0.37 0.000 0 0 4.54
15:55:23 D 15190 0 0.33 0.000 0 0 4.54
15:55:23 D 15290 0 0.47 0.000 0 0 4.54
15:55:24 D 15390 0 0.54 0.000 0 0 4.54
15:55:24 D 15490 0 0.52 0.000 0 0 4.54
15:55:24 D 15590 0 0.51 0.000 0 0 4.54
15:55:24 D 15690 0 0.54 0.000 0 0 4.54
15:55:24 D 15790 0 0.55 0.000 0 0 4.54
15:55:24 D 15890 0 0.46 0.000 0 0 4.54
15:55:24 D 15990 0 0.49 0.000 0 0 4.54
15:55:24 D 16090 0 0.63 0.000 0 0 4.54
15:55:24 D 16190 0 0.66 0.000 0 0 4.54
15:55:24 D 16290 0 0.57 0.000 0 0 4.54
15:55:25 D 16390 0 0.50 0.000 0 0 4.54
15:55:25 D 16490 0 0.50 0.000 0 0 4.54
15:55:25 D 16590 0 0.41 0.000 0 0 4.54
15:55:25 D 16690 0 0.36 0.000 0 0 4.54
15:55:25 D 16790 0 0.43 0.000 0 0 4.54
15:55:25 D 16890 0 0.49 0.000 0 0 4.54
15:55:25 D 16990 0 0.47 0.000 0 0 4.54
15:55:25 D 17090 0 0.40 0.000 0 0 4.54
15:55:25 D 17190 0 0.48 0.000 0 0 4.54
15:55:25 D 17290 0 0.50 0.000 0 0 4.54
15:55:26 D 17390 0 0.40 0.000 0 0 4.54
15:55:26 D 17490 0 0.38 0.000 0 0 4.54
15:55:26 D 17590 0 0.36 0.000 0 0 4.54
15:55:26 D 17690 0 0.36 0.000 0 0 4.54
15:55:26 D 17790 0 0.36 0.000 0 0 4.54
15:55:26 D 17890 0 0.41 0.000 0 0 4.54
15:55:26 D 17990 0 0.40 0.000 0 0 4.54
15:55:26 D 18090 0 0.33 0.000 0 0 4.54
15:55:26 D 18190 0 0.33 0.000 0 0 4.54
15:55:26 D 18290 0 0.34 0.000 0 0 4.54
15:55:27 D 18390 0 0.26 0.000 0 0 4.54
15:55:27 D 18490 0 0.27 0.000 0 0 4.54
15:55:27 D 18590 0 0.34 0.000 0 0 4.54
15:55:27 D 18690 0 0.42 0.000 0 0 4.54
15:55:27 D 18790 0 0.09 0.000 0 0 4.54
15:55:27 D 18890 0 -0.62 0.000 0 0 4.54
15:55:27 D 18990 0 -1.05 0.000 0 0 4.54
15:55:27 D 19090 0 -0.20 0.000 0 0 4.54
15:55:27 D 19210 0 0.40 0.000 0 0 4.54
15:55:28 D 19390 0 -0.14 0.000 0 0 4.54
15:55:28 D 19570 0 0.75 0.000 0 0 4.54
15:55:28 D 19750 0 0.40 0.000 0 0 4.54
15:55:28 D 19930 0 -0.05 0.000 0 0 4.54
15:55:28 D 20110 0 -0.25 0.000 0 0 4.54
15:55:29 D 20530 2 1.01 -0.001 -1435 -1386 4.54
15:55:29 D 21060 2 -2.78 0.125 1666 1617 4.54
15:55:30 D 21610 2 -3.77 0.115 1529 1598 4.54
15:55:30 D 22150 2 -3.47 0.083 1522 1496 4.54
15:55:31 D 22670 2 -2.77 -0.003 -1587 1331 4.54
15:55:31 D 23170 2 -2.24 -0.037 1658 1337 4.54
15:55:32 D 23670 2 -1.01 0.024 -1576 1596 4.54
15:55:32 D 24150 2 -1.01 -0.002 -1367 1318 4.54
15:55:33 D 24655 2 5.37 -0.443 -2368 -2199 4.54
15:55:33 D 25185 2 3.46 0.007 1429 1376 4.54
15:55:34 D 25730 2 -3.37 0.276 1814 1878 4.54
15:55:34 D 26275 2 -4.07 0.185 1741 1602 4.54
15:55:35 D 26800 2 2.81 -0.360 -1639 -1563 4.54
15:55:36 D 27330 2 0.12 0.105 1368 1738 4.54
15:55:36 D 27890 2 -4.47 0.267 1812 1825 4.54
15:55:37 D 28420 2 -1.89 -0.045 -1815 -1622 4.54
15:55:37 D 28955 2 -1.44 -0.020 1393 1360 4.54
15:55:38 D 29465 2 -2.24 0.066 1778 1543 4.54
15:55:38 D 30010 2 -3.18 0.094 1547 1607 4.54
15:55:39 D 30535 2 -1.42 0.015 -1446 1344 4.54
15:55:39 D 31015 2 -1.26 0.001 1502 1412 4.54
15:55:40 D 31505 2 -1.04 -0.018 1521 1393 4.54
15:55:40 D 31975 2 -1.02 0.012 1356 1569 4.54
15:55:41 D 32430 0 -51.81 0.000 -1719 -1582 4.54
15:55:41 R 12290 2 39.6
15:55:41 E 0 -116 1133 -21 1549 -1384
15:55:41 E 1 -112 1212 -16 1601 -1316
15:55:41 E 2 -106 1249 -16 1607 1325
15:55:41 E 3 -100 1109 -13 1605 1338
15:55:41 E 4 -98 822 -3 1621 1390
15:55:41 E 5 -94 725 0 1588 1430
15:55:41 E 6 -90 468 2 1556 1425
15:55:41 E 7 -91 48 4 1498 1365
15:55:41 E 8 -94 -110 3 1428 1410
15:55:41 E 9 -95 -97 7 1408 1466
15:55:41 E 10 -97 -61 15 1512 1452
15:55:41 E 11 -98 121 12 1549 1457
15:55:41 E 12 -96 103 16 1511 1495
15:55:41 E 13 -99 -311 14 1346 1494
15:55:41 E 14 -104 -677 4 -1471 1466
15:55:41 E 15 -109 -762 11 -1506 1534
15:55:41 E 16 -113 -640 8 -1494 1484
15:55:41 E 17 -118 -451 9 -1437 1470
15:55:41 E 18 -119 -158 11 -1368 1520
15:55:41 E 19 -120 5 4 -1375 1476
15:55:41 E 20 -121 200 5 1365 1469
15:55:41 E 21 -119 438 2 1432 1501
15:55:41 E 22 -117 450 6 1452 1563
15:55:41 E 23 -116 468 6 1499 1581
15:55:41 E 24 -112 627 7 1546 1591
15:55:41 E 25 -108 566 7 1519 1587
15:55:41 E 26 -105 359 2 1447 1520
15:55:41 E 27 -102 255 5 1459 1503
15:55:41 E 28 -100 78 4 1424 1463
15:55:41 E 29 -101 -152 7 1371 1502
15:55:41 E 30 -102 -128 11 1377 1557
15:55:41 E 31 -102 -43 11 1356 1569
15:55:41 E 32 -103 -18 11 1359 1599
15:55:41 E 33 -101 78 8 1322 1591
15:55:41 E 34 -99 91 4 -1304 1559
15:55:41 E 35 -98 36 0 -1308 1498
15:55:41 E 36 -97 133 0 1340 1524
15:55:41 E 37 -95 212 1 1382 1529
15:55:41 E 38 -93 249 1 1431 1506
15:55:41 E 39 -90 219 1 1437 1520
15:55:41 E 40 -83 103 0 1385 1518
15:55:41 E 41 -55 -360 -2 -1353 1446
15:55:41 E 42 -41 -1981 -11 -1756 -1549
15:55:41 E 43 -57 -3146 -18 -1969 -1796
15:55:41 E 44 -75 -3621 -21 -1900 -1892
15:55:41 E 45 -86 -4243 -36 -1927 -2018
15:55:41 E 46 -93 -4774 -47 -1963 -2063
15:55:41 E 47 -95 -5572 -72 -1982 -2100
15:55:41 E 48 -104 -6853 -103 -2019 -2155
15:55:41 E 49 -145 -8102 -127 -2044 -2155
15:55:41 E 50 -175 -6103 -139 -1935 -2071
15:55:41 E 51 -183 -1488 -124 -1730 -1848
15:55:41 E 52 -184 -299 -133 -1926 -1877
15:55:41 E 53 -171 -2109 -159 -2174 -2089
15:55:41 E 54 -160 -2823 -175 -2365 -2148
15:55:41 E 55 -179 -3780 -193 -2341 -2199
15:55:41 E 56 -185 -5804 -217 -2294 -2227
15:55:41 E 57 -204 -5975 -230 -2206 -2222
15:55:41 E 58 -208 -4566 -245 -2148 -2157
15:55:41 E 59 -208 -4152 -267 -2127 -2159
15:55:41 E 60 -220 -4371 -292 -2127 -2197
15:55:41 E 61 -223 -3908 -313 -2208 -2172
15:55:41 E 62 -225 -3938 -325 -2189 -2151
15:55:41 E 63 -239 -4383 -336 -2233 -2142
15:55:41 E 64 -252 -4152 -350 -2227 -2167
15:55:41 E 65 -253 -3829 -352 -2207 -2203
15:55:41 E 66 -266 -4176 -378 -2240 -2230
15:55:41 E 67 -280 -3896 -393 -2238 -2257
15:55:41 E 68 -285 -3463 -394 -2230 -2271
15:55:41 E 69 -295 -3749 -420 -2233 -2271
15:55:41 E 70 -309 -3890 -416 -2257 -2275
15:55:41 E 71 -318 -3518 -434 -2247 -2308
15:55:41 E 72 -325 -3579 -450 -2247 -2330
15:55:41 E 73 -339 -3853 -452 -2266 -2290
15:55:41 E 74 -353 -3646 -474 -2197 -2209
15:55:41 E 75 -363 -3341 -477 -2175 -2180
15:55:41 E 76 -368 -3170 -483 -2190 -2229
15:55:41 E 77 -374 -3499 -501 -2199 -2243
15:55:41 E 78 -385 -3883 -503 -2205 -2243
15:55:41 E 79 -390 -4261 -510 -2210 -2253
15:55:41 E 80 -406 -5011 -522 -2219 -2244
15:55:41 E 81 -426 -5487 -528 -2198 -2204
15:55:41 E 82 -444 -5548 -533 -2169 -2160
15:55:41 E 83 -460 -5889 -546 -2147 -2161
15:55:41 E 84 -484 -6481 -550 -2152 -2133
15:55:41 E 85 -504 -6920 -552 -2120 -2110
15:55:41 E 86 -530 -7737 -561 -2088 -2089
15:55:41 E 87 -558 -8352 -560 -2094 -2063
15:55:41 E 88 -593 -9114 -572 -2057 -2058
15:55:41 E 89 -633 -9742 -575 -2030 -2028
15:55:41 E 90 -673 -10315 -578 -1993 -1999
15:55:41 E 91 -726 -11169 -582 -1963 -1985
15:55:41 E 92 -772 -11699 -581 -1932 -1963
15:55:41 E 93 -827 -12913 -587 -1907 -1919
15:55:41 E 94 -896 -13900 -588 -1914 -1885
15:55:41 E 95 -965 -13900 -587 -1909 -1868
15:55:41 E 96 -1029 -14687 -586 -1892 -1836
15:55:41 E 97 -1108 -15699 -586 -1882 -1819
15:55:41 E 98 -1175 -16071 -587 -1893 -1795
15:55:41 E 99 -1252 -17265 -585 -1898 -1778
15:55:41 E 100 -1340 -18491 -586 -1882 -1785
15:55:41 E 101 -1422 -19040 -583 -1874 -1754
15:55:41 E 102 -1517 -20070 -586 -1868 -1734
15:55:41 E 103 -1621 -20826 -583 -1855 -1717
15:55:41 E 104 -1713 -21503 -577 -1845 -1704
15:55:41 E 105 -1820 -23021 -582 -1845 -1694
15:55:41 E 106 -1940 -24039 -568 -1834 -1690
15:55:41 E 107 -2048 -24697 -568 -1809 -1696
15:55:41 E 108 -2179 -26081 -574 -1800 -1674
15:55:41 E 109 -2314 -27136 -560 -1801 -1660
15:55:41 E 110 -2453 -27947 -562 -1793 -1653
15:55:41 E 111 -2600 -29453 -556 -1791 -1627
15:55:41 E 112 -2752 -30367 -546 -1781 -1645
15:55:41 E 113 -2908 -31275 -543 -1755 -1633
15:55:41 E 114 -3070 -32586 -530 -1745 -1616
15:55:41 E 115 -3238 31871 -526 -1748 -1629
15:55:41 E 116 -3409 31261 -509 -1731 -1595
15:55:41 E 117 -3586 30023 -504 -1727 -1587
15:55:41 E 118 -3771 28487 -499 -1733 -1588
15:55:41 E 119 -3963 27024 -486 -1719 -1582
15:55:41 R end
15:55:41 T 4493 1688 2834 2583 5190 0 2458
15:55:41 D 32915 0 -77.81 0.000 -1719 -1582 4.54
15:55:41 D 33105 0 -76.68 0.000 -1719 -1582 4.54
15:55:41 D 33290 0 -75.80 0.000 -1719 -1582 4.54
15:55:42 D 33475 0 -66.41 0.000 -1719 -1582 4.54
15:55:42 D 33660 0 -75.33 0.000 -1719 -1582 4.54
15:55:42 D 33850 0 -17.97 0.000 -1719 -1582 4.54
15:55:42 D 34030 0 3.13 0.000 -1719 -1582 4.54
15:55:42 D 34210 0 11.47 0.000 -1719 -1582 4.54
15:55:43 D 34395 0 9.12 0.000 -1719 -1582 4.54
15:55:43 D 34575 0 7.52 0.000 -1719 -1582 4.54
15:55:43 D 34760 0 -1.30 0.000 -1719 -1582 4.54
15:55:43 D 34940 0 -0.42 0.000 -1719 -1582 4.54
15:55:43 D 35125 0 1.60 0.000 -1719 -1582 4.54
15:55:43 D 35305 0 -1.05 0.000 -1719 -1582 4.54
15:55:44 D 35485 0 -5.52 0.000 -1719 -1582 4.54
15:55:44 D 35665 0 -3.41 0.000 -1719 -1582 4.54
15:55:44 D 35850 0 -5.37 0.000 -1719 -1582 4.54
15:55:44 D 36030 0 -3.16 0.000 -1719 -1582 4.54
15:55:44 D 36215 0 -1.35 0.000 -1719 -1582 4.54
15:55:45 D 36395 0 -2.32 0.000 -1719 -1582 4.54
15:55:45 D 36625 2 -2.37 -0.016 -1687 -1960 4.54
15:55:45 D 37130 2 -0.11 -0.012 1577 1303 4.54
15:55:46 D 37635 2 0.12 0.029 1796 1716 4.54
15:55:46 D 38110 2 -0.82 0.020 1558 1485 4.54
15:55:47 D 38655 2 -3.06 0.119 1417 1674 4.54
15:55:47 D 39205 2 -3.71 0.096 1461 1545 4.54
15:55:48 D 39740 2 -2.80 0.041 1458 1448 4.54
15:55:48 D 40230 2 -1.94 0.015 1495 1529 4.54
15:55:49 D 40705 2 -1.57 0.013 1419 1527 4.54
15:55:49 D 41190 2 -1.37 0.022 1472 1456 4.54
15:55:50 D 41675 2 -1.24 0.022 1645 1569 4.54
15:55:50 D 42140 2 -0.93 -0.002 -1324 -1332 4.54
15:55:51 D 42615 2 -0.88 0.022 1629 1553 4.54
15:55:51 D 43110 2 -1.02 0.037 1447 1529 4.54
15:55:52 D 43655 2 -2.08 0.042 -1348 1410 4.54
15:55:52 D 44130 2 -1.39 -0.001 -1348 1328 4.54
15:55:53 D 44580 2 -1.81 -0.000 -1353 1317 4.54
15:55:53 D 45030 2 -1.93 -0.000 -1358 -1304 4.54
15:55:54 D 45480 2 -1.98 -0.000 -1377 -1327 4.54
15:55:54 D 45920 2 -2.02 0.000 -1393 -1340 4.54
15:55:55 D 46360 2 -2.01 0.000 -1394 -1352 4.54
15:55:55 D 46810 2 -1.01 0.016 1503 1691 4.54
15:55:56 D 47350 2 -1.40 0.046 1525 1538 4.54
15:55:56 D 47860 2 7.14 -0.548 -1992 -1725 4.54
15:55:57 D 48390 2 3.09 0.018 1657 1721 4.54
15:55:57 D 48935 2 -5.32 0.107 -1676 -1884 4.54
15:55:58 D 49465 2 3.27 -0.136 1321 -1306 4.54
15:55:58 D 49995 2 -4.30 -0.137 -2051 -2019 4.54
15:55:59 D 50530 2 -3.14 0.209 1761 1746 4.54
15:55:59 D 51075 2 -9.74 -0.288 -2251 -2322 4.54
15:56:00 D 51600 2 0.25 0.042 1985 1700 4.54
15:56:00 D 52150 2 -4.28 0.194 1816 1620 4.54
15:56:01 D 52695 2 -4.49 0.108 -1542 -1672 4.54
15:56:01 D 53215 2 -0.68 -0.007 1461 1382 4.54
15:56:02 D 53745 2 -2.40 0.067 1551 1529 4.54
15:56:03 D 54290 2 -5.11 -0.285 -2259 -2355 4.54
15:56:03 D 54825 2 -0.68 0.038 1613 1537 4.54
15:56:04 D 55380 2 -3.42 0.138 1438 1473 4.54
15:56:04 D 55905 2 4.43 -0.367 -1824 -1994 4.54
15:56:05 D 56440 2 -2.96 0.207 1908 1869 4.54
15:56:05 D 56970 2 2.01 -0.003 -1492 -1474 4.54
15:56:06 D 57510 2 -2.22 0.117 1778 1588 4.54
15:56:06 D 58055 2 -2.95 0.084 1484 1510 4.54
15:56:07 D 58595 2 -1.97 0.036 1478 1548 4.54
15:56:07 D 59130 2 -2.22 0.036 1453 1500 4.54
15:56:08 D 59660 2 -1.94 0.033 1558 1537 4.54
15:56:08 D 60175 2 -1.58 0.025 1462 1545 4.54
15:56:09 D 60700 2 -2.17 0.046 1470 1492 4.54
15:56:09 D 61245 2 -3.44 -0.081 -2111 -1798 4.54
15:56:10 D 61780 2 2.95 -0.050 1462 1354 4.54
15:56:11 D 62330 2 -1.95 0.052 -1344 -1638 4.54
15:56:11 D 62850 2 8.50 -0.348 -1711 -1677 4.54
15:56:12 D 63385 2 0.88 0.094 1641 1701 4.54
15:56:12 D 63935 2 -4.41 0.248 1518 1714 4.54
15:56:13 D 64470 2 -2.64 0.184 -1704 -1736 4.54
15:56:13 D 64915 0 -30.13 0.000 -1734 -1652 4.54
15:56:13 R 28440 2 39.5
15:56:13 E 0 164 7345 413 2012 1973
15:56:13 E 1 206 7217 416 2011 1989
15:56:13 E 2 248 6876 418 1993 1988
15:56:13 E 3 289 6455 415 1992 2029
15:56:13 E 4 329 6303 422 2005 2061
15:56:13 E 5 371 5894 424 1983 2064
15:56:13 E 6 397 5206 424 1983 2079
15:56:13 E 7 437 4389 423 1973 2112
15:56:13 E 8 474 3431 417 1973 2151
15:56:13 E 9 505 2608 408 1973 2164
15:56:13 E 10 531 1822 411 1991 2195
15:56:13 E 11 556 1035 406 2094 2264
15:56:13 E 12 579 103 409 2182 2318
15:56:13 E 13 599 -969 410 2200 2346
15:56:13 E 14 588 -2323 410 2195 2401
15:56:13 E 15 570 -3621 419 2148 2424
15:56:13 E 16 544 -5249 417 2011 2286
15:56:13 E 17 506 -7590 416 1689 1817
15:56:13 E 18 455 -10297 412 1434 1516
15:56:13 E 19 427 -12797 402 -1350 1331
15:56:13 E 20 385 -14431 397 -1460 -1425
15:56:13 E 21 328 -15418 387 -1524 -1493
15:56:13 E 22 253 -15930 368 -1567 -1586
15:56:13 E 23 178 -15174 361 -1518 -1579
15:56:13 E 24 120 -13778 349 -1434 -1553
15:56:13 E 25 63 -13071 338 -1432 -1594
15:56:13 E 26 -2 -12248 319 -1479 -1629
15:56:13 E 27 -56 -10450 301 -1450 -1589
15:56:13 E 28 -95 -8870 294 -1454 -1551
15:56:13 E 29 -130 -8145 271 -1578 -1600
15:56:13 E 30 -167 -7511 258 -1664 -1611
15:56:13 E 31 -202 -6511 240 -1711 -1637
15:56:13 E 32 -225 -5450 223 -1692 -1641
15:56:13 E 33 -244 -4963 205 -1673 -1682
15:56:13 E 34 -263 -4670 183 -1704 -1736
15:56:13 E 35 -285 -3871 168 -1716 -1766
15:56:13 E 36 -295 -2359 157 -1665 -1753
15:56:13 E 37 -299 -1225 144 -1616 -1761
15:56:13 E 38 -299 -213 122 -1606 -1772
15:56:13 E 39 -296 889 116 -1559 -1668
15:56:13 E 40 -283 2169 96 -1526 -1633
15:56:13 E 41 -263 3249 82 -1456 -1625
15:56:13 E 42 -239 4236 84 -1326 -1533
15:56:13 E 43 -205 5120 73 1329 -1437
15:56:13 E 44 -166 5376 67 1348 -1384
15:56:13 E 45 -127 5291 58 1354 -1332
15:56:13 E 46 -87 5084 49 1336 -1332
15:56:13 E 47 -50 4535 42 1303 -1424
15:56:13 E 48 -17 3816 42 -1331 -1499
15:56:13 E 49 11 3212 34 -1382 -1551
15:56:13 E 50 39 2627 31 -1480 -1539
15:56:13 E 51 64 1859 26 -1574 -1515
15:56:13 E 52 83 1096 14 -1698 -1570
15:56:13 E 53 102 487 10 -1739 -1646
15:56:13 E 54 121 -232 -1 -1752 -1741
15:56:13 E 55 135 -1244 -19 -1764 -1831
15:56:13 E 56 142 -2207 -32 -1803 -1886
15:56:13 E 57 146 -2914 -48 -1817 -1931
15:56:13 E 58 145 -3585 -56 -1869 -1964
15:56:13 E 59 143 -3957 -70 -1888 -2011
15:56:13 E 60 142 -3993 -79 -1909 -2043
15:56:13 E 61 140 -3780 -89 -1977 -2076
15:56:13 E 62 141 -3201 -110 -2026 -2087
15:56:13 E 63 148 -2865 -120 -2052 -2078
15:56:13 E 64 153 -3310 -146 -2074 -2108
15:56:13 E 65 150 -3999 -170 -2112 -2123
15:56:13 E 66 149 -3975 -182 -2096 -2121
15:56:13 E 67 152 -3798 -205 -2094 -2115
15:56:13 E 68 152 -4207 -219 -2133 -2115
15:56:13 E 69 146 -4633 -238 -2148 -2130
15:56:13 E 70 149 -4566 -257 -2150 -2132
15:56:13 E 71 123 -5072 -268 -2142 -2136
15:56:13 E 72 115 -6170 -295 -2131 -2156
15:56:13 E 73 105 -6542 -313 -2144 -2139
15:56:13 E 74 92 -6993 -331 -2109 -2130
15:56:13 E 75 53 -7785 -352 -2097 -2133
15:56:13 E 76 31 -8255 -367 -2095 -2119
15:56:13 E 77 5 -8578 -377 -2082 -2095
15:56:13 E 78 -25 -8895 -382 -2126 -2067
15:56:13 E 79 -59 -9255 -396 -2093 -2079
15:56:13 E 80 -95 -9907 -408 -2071 -2065
15:56:13 E 81 -137 -10413 -423 -2080 -2043
15:56:13 E 82 -178 -10480 -431 -2064 -2046
15:56:13 E 83 -220 -10846 -437 -2075 -2029
15:56:13 E 84 -266 -11486 -441 -2085 -2017
15:56:13 E 85 -316 -11888 -451 -2072 -2017
15:56:13 E 86 -373 -12303 -457 -2067 -1987
15:56:13 E 87 -430 -12559 -466 -2058 -1982
15:56:13 E 88 -484 -12730 -475 -2061 -1982
15:56:13 E 89 -545 -13291 -474 -2065 -1965
15:56:13 E 90 -611 -13681 -483 -2060 -1959
15:56:13 E 91 -670 -13857 -480 -2035 -1958
15:56:13 E 92 -733 -14479 -483 -2041 -1959
15:56:13 E 93 -805 -15119 -494 -2048 -1943
15:56:13 E 94 -881 -15345 -490 -2027 -1924
15:56:14 E 95 -946 -15540 -490 -2023 -1927
15:56:14 E 96 -1020 -16516 -503 -2029 -1930
15:56:14 E 97 -1105 -17375 -498 -2019 -1908
15:56:14 E 98 -1192 -17387 -505 -2003 -1893
15:56:14 E 99 -1268 -17863 -514 -1999 -1893
15:56:14 E 100 -1356 -19137 -511 -1999 -1886
15:56:14 E 101 -1453 -20021 -518 -1985 -1875
15:56:14 E 102 -1554 -20228 -509 -1955 -1848
15:56:14 E 103 -1658 -21003 -507 -1946 -1829
15:56:14 E 104 -1768 -22033 -513 -1945 -1825
15:56:14 E 105 -1879 -22387 -508 -1917 -1785
15:56:14 E 106 -1995 -23179 -509 -1896 -1772
15:56:14 E 107 -2114 -24642 -509 -1903 -1794
15:56:14 E 108 -2239 -25289 -505 -1887 -1767
15:56:14 E 109 -2367 -25691 -499 -1848 -1742
15:56:14 E 110 -2500 -26593 -494 -1850 -1729
15:56:14 E 111 -2637 -27581 -490 -1850 -1729
15:56:14 E 112 -2778 -28325 -481 -1827 -1701
15:56:14 E 113 -2925 -29489 -480 -1817 -1698
15:56:14 E 114 -3079 -31086 -481 -1822 -1713
15:56:14 E 115 -3241 -32519 -476 -1814 -1698
15:56:14 E 116 -3409 31895 -469 -1782 -1684
15:56:14 E 117 -3581 30877 -461 -1760 -1667
15:56:14 E 118 -3760 29621 -447 -1747 -1668
15:56:14 E 119 -3947 28072 -439 -1734 -1652
15:56:14 R end
15:56:14 T 4505 1709 2831 2578 5180 0 5688
15:56:14 D 65410 0 -73.48 0.000 -1734 -1652 4.54
15:56:14 D 65595 0 -69.38 0.000 -1734 -1652 4.54
15:56:14 D 65695 0 -20.27 0.000 -1734 -1652 4.54
15:56:14 D 65875 0 10.34 0.000 -1734 -1652 4.54
15:56:14 D 66060 0 14.27 0.000 -1734 -1652 4.54
15:56:14 D 66240 0 17.13 0.000 -1734 -1652 4.54
15:56:15 D 66425 0 18.92 0.000 -1734 -1652 4.54
15:56:15 D 66605 0 15.11 0.000 -1734 -1652 4.54
15:56:15 D 66790 0 18.09 0.000 -1734 -1652 4.54
15:56:15 D 66975 0 14.52 0.000 -1734 -1652 4.54
15:56:15 D 67155 0 12.04 0.000 -1734 -1652 4.54
15:56:16 D 67340 0 9.30 0.000 -1734 -1652 4.54
15:56:16 D 67520 0 7.38 0.000 -1734 -1652 4.54
15:56:16 D 67700 0 4.85 0.000 -1734 -1652 4.54
15:56:16 D 67885 0 2.67 0.000 -1734 -1652 4.54
15:56:16 D 68065 0 2.65 0.000 -1734 -1652 4.54
15:56:16 D 68250 0 2.99 0.000 -1734 -1652 4.54
15:56:17 D 68430 0 2.69 0.000 -1734 -1652 4.54
15:56:17 D 68615 0 3.67 0.000 -1734 -1652 4.54
15:56:17 D 69005 2 -0.01 0.043 1574 1468 4.54
15:56:18 D 69495 2 -0.25 -0.003 -1366 -1414 4.54
15:56:18 D 70015 2 -5.76 -0.316 -1809 -1523 4.54
15:56:19 D 70540 2 -2.74 0.055 1709 2040 4.54
15:56:19 D 71085 2 -1.37 0.134 1752 1730 4.54
15:56:20 D 71645 2 -3.11 0.138 1557 1493 4.54
15:56:20 D 72190 2 -3.36 0.087 1510 1500 4.54
15:56:21 D 72710 2 -2.08 0.003 1413 1341 4.54
15:56:21 D 73190 2 -1.83 -0.000 1394 1395 4.54
15:56:22 D 73640 2 -0.95 0.010 1572 1459 4.54
15:56:22 D 74090 2 -0.62 -0.015 -1541 -1511 4.54
15:56:23 D 74560 2 -0.91 -0.015 -1675 -1674 4.54
15:56:23 D 75095 2 -2.36 0.087 1679 1630 4.54
15:56:24 D 75640 2 -3.26 0.087 1570 1505 4.54
15:56:24 D 76180 2 -2.68 0.044 1543 1408 4.54
15:56:25 D 76680 2 -1.63 0.022 1487 1382 4.54
15:56:25 D 77165 2 -1.70 0.028 1515 1575 4.54
15:56:26 D 77710 2 -2.90 0.057 1579 1517 4.54
15:56:26 D 78250 2 -2.77 0.063 1561 1527 4.54
15:56:27 D 78790 2 -2.63 0.048 1468 1531 4.54
15:56:28 D 79325 2 -2.96 0.065 1616 1535 4.54
15:56:28 D 79865 2 -2.78 0.051 1537 1368 4.54
15:56:29 D 80390 2 10.49 -0.590 -2069 -1844 4.54
15:56:29 D 80905 2 7.17 -0.373 -1513 -1303 4.54
15:56:30 D 81435 2 2.89 0.186 1966 1613 4.54
15:56:30 D 81970 2 -4.56 0.192 -1465 -1481 4.54
15:56:31 D 82460 2 2.91 -0.351 -1882 -1961 4.54
15:56:31 D 82975 2 5.03 0.054 1827 1309 4.54
15:56:32 D 83500 2 2.12 0.090 1618 1638 4.54
15:56:32 D 83845 0 73.95 0.000 1939 1723 4.54
15:56:32 R 15165 2 31.4
15:56:32 E 0 -40 -2475 81 -1455 -1558
15:56:32 E 1 -48 -2493 81 -1442 -1589
15:56:32 E 2 -58 -2378 65 -1506 -1671
15:56:32 E 3 -75 -2006 67 -1455 -1641
15:56:32 E 4 -81 -1018 65 -1466 -1575
15:56:32 E 5 -84 -415 57 -1540 -1544
15:56:32 E 6 -81 182 56 -1535 -1324
15:56:32 E 7 -70 615 51 -1511 1379
15:56:32 E 8 -59 682 43 -1488 1362
15:56:32 E 9 -48 755 32 -1491 1327
15:56:32 E 10 -34 792 32 -1474 1358
15:56:32 E 11 -22 548 23 -1487 -1361
15:56:32 E 12 -13 395 14 -1519 -1505
15:56:32 E 13 -4 481 14 -1514 -1554
15:56:32 E 14 3 499 6 -1568 -1680
15:56:32 E 15 6 548 0 -1597 -1766
15:56:32 E 16 9 828 0 -1576 -1715
15:56:32 E 17 12 1157 -5 -1607 -1663
15:56:32 E 18 13 1529 -7 -1566 -1566
15:56:32 E 19 19 2194 -11 -1517 -1402
15:56:32 E 20 31 2797 -19 -1492 1365
15:56:32 E 21 45 3053 -22 -1389 1423
15:56:32 E 22 59 3200 -21 1326 1462
15:56:32 E 23 75 3352 -16 1423 1528
15:56:32 E 24 91 3468 -15 1487 1558
15:56:32 E 25 108 3578 -10 1575 1622
15:56:32 E 26 125 3669 -6 1632 1678
15:56:32 E 27 139 3809 -5 1669 1739
15:56:32 E 28 155 4139 8 1794 1857
15:56:32 E 29 188 4285 21 1878 1931
15:56:32 E 30 217 2700 11 1726 1793
15:56:32 E 31 222 401 18 1506 1482
15:56:32 E 32 217 -567 20 1308 -1398
15:56:32 E 33 219 -884 26 -1323 -1478
15:56:32 E 34 206 -1707 33 -1380 -1528
15:56:32 E 35 189 -1488 31 -1363 -1471
15:56:32 E 36 178 -585 36 1367 1311
15:56:32 E 37 176 182 40 1491 1430
15:56:32 E 38 173 487 38 1505 1448
15:56:32 E 39 173 981 33 1532 1481
15:56:32 E 40 178 1389 36 1601 1547
15:56:32 E 41 181 1487 24 1605 1584
15:56:32 E 42 186 1834 26 1670 1687
15:56:32 E 43 196 2188 36 1749 1748
15:56:32 E 44 206 2121 36 1737 1726
15:56:32 E 45 215 1974 39 1706 1684
15:56:32 E 46 226 1846 42 1709 1688
15:56:32 E 47 234 1304 47 1739 1677
15:56:32 E 48 234 725 44 1683 1644
15:56:32 E 49 237 615 59 1713 1752
15:56:32 E 50 241 511 58 1742 1729
15:56:32 E 51 240 249 65 1791 1686
15:56:32 E 52 239 91 72 1754 1733
15:56:32 E 53 238 -73 71 1686 1745
15:56:32 E 54 237 -286 81 1719 1715
15:56:32 E 55 232 -543 76 1668 1606
15:56:32 E 56 229 -683 79 1616 1638
15:56:32 E 57 222 -951 90 1604 1611
15:56:32 E 58 212 -921 90 1618 1638
15:56:32 E 59 208 -622 91 1659 1735
15:56:32 E 60 204 -561 100 1763 1738
15:56:32 E 61 197 -512 92 1740 1726
15:56:32 E 62 195 -354 97 1750 1857
15:56:32 E 63 194 -457 100 1728 1831
15:56:32 E 64 190 -640 103 1806 1791
15:56:32 E 65 186 -853 106 1792 1753
15:56:32 E 66 183 -1140 108 1712 1694
15:56:32 E 67 175 -1597 118 1730 1612
15:56:32 E 68 163 -1701 117 1730 1526
15:56:32 E 69 153 -1561 126 1745 1591
15:56:32 E 70 144 -1603 126 1679 1616
15:56:32 E 71 130 -1762 125 1596 1618
15:56:32 E 72 112 -1457 126 1575 1679
15:56:32 E 73 97 -774 130 1674 1770
15:56:32 E 74 85 -311 137 1800 1871
15:56:32 E 75 69 127 140 1836 1938
15:56:32 E 76 53 1133 146 1969 2091
15:56:32 E 77 48 2499 154 2148 2214
15:56:32 E 78 43 3291 162 2163 2183
15:56:32 E 79 37 3785 177 2103 2165
15:56:32 E 80 38 4248 196 2109 2155
15:56:32 E 81 39 4035 214 2101 2117
15:56:32 E 82 29 3687 236 2075 2090
15:56:32 E 83 25 4407 249 2118 2122
15:56:32 E 84 38 5047 272 2156 2163
15:56:32 E 85 63 5029 280 2139 2140
15:56:32 E 86 92 5760 292 2143 2134
15:56:32 E 87 125 6663 313 2135 2169
15:56:32 E 88 136 6864 319 2110 2134
15:56:32 E 89 138 6943 335 2097 2094
15:56:32 E 90 154 8132 346 2120 2087
15:56:32 E 91 192 9351 365 2128 2066
15:56:32 E 92 220 9552 374 2059 2043
15:56:32 E 93 272 10339 382 2021 2018
15:56:32 E 94 308 11650 398 2034 2004
15:56:32 E 95 349 12710 408 2024 1967
15:56:32 E 96 392 13796 414 1976 1953
15:56:32 E 97 441 14924 424 1950 1920
15:56:32 E 98 494 16161 431 1921 1902
15:56:32 E 99 563 17661 432 1897 1879
15:56:32 E 100 646 18929 438 1873 1827
15:56:32 E 101 738 19898 439 1834 1790
15:56:32 E 102 840 20727 439 1791 1764
15:56:32 E 103 947 21398 441 1756 1737
15:56:32 E 104 1057 21788 438 1730 1709
15:56:32 E 105 1169 22337 428 1705 1684
15:56:32 E 106 1286 23294 428 1694 1682
15:56:32 E 107 1408 24257 419 1675 1682
15:56:32 E 108 1538 25812 426 1688 1654
15:56:32 E 109 1687 27245 427 1676 1645
15:56:32 E 110 1825 27318 416 1628 1628
15:56:32 E 111 1976 27044 411 1607 1586
15:56:32 E 112 2128 27190 400 1596 1588
15:56:32 E 113 2267 27586 395 1619 1628
15:56:32 E 114 2408 28007 389 1652 1638
15:56:32 E 115 2550 28312 379 1649 1617
15:56:32 E 116 2694 28647 373 1677 1633
15:56:32 E 117 2838 28677 364 1794 1684
15:56:32 E 118 2982 28458 351 1853 1697
15:56:32 E 119 3143 28903 351 1939 1723
15:56:32 R end
15:56:32 T 4499 1709 2835 2584 5176 0 3033
15:56:33 D 84295 0 80.55 0.000 1939 1723 4.54
15:56:33 D 84480 0 50.77 0.000 1939 1723 4.54
15:56:33 D 84665 0 29.67 0.000 1939 1723 4.54
15:56:33 D 84850 0 7.92 0.000 1939 1723 4.54
15:56:33 D 85030 0 -8.13 0.000 1939 1723 4.54
15:56:33 D 85215 0 -14.27 0.000 1939 1723 4.54
15:56:34 D 85395 0 -13.22 0.000 1939 1723 4.54
15:56:34 D 85580 0 -8.66 0.000 1939 1723 4.54
15:56:34 D 85760 0 -2.59 0.000 1939 1723 4.54
15:56:34 D 85940 0 -2.93 0.000 1939 1723 4.54
15:56:34 D 86125 0 -1.95 0.000 1939 1723 4.54
15:56:35 D 86305 0 -2.92 0.000 1939 1723 4.54
15:56:35 D 86485 0 2.18 0.000 1939 1723 4.54
15:56:35 D 86670 0 2.61 0.000 1939 1723 4.54
15:56:35 D 86850 0 1.17 0.000 1939 1723 4.54
15:56:35 D 87035 0 -0.09 0.000 1939 1723 4.54
15:56:35 D 87215 0 -1.80 0.000 1939 1723 4.54
15:56:36 D 87415 2 -0.88 0.012 1697 1615 4.54
15:56:36 D 87905 2 -0.96 -0.006 1305 -1373 4.54
15:56:37 mpu_set_sensor complete ......
15:56:37 mpu_set_sensor complete ......
15:56:37 mpu_configure_fifo complete ......
15:56:37 mpu_set_sample_rate complete ......
15:56:37 dmp_load_motion_driver_firmware complete ......
15:56:37 dmp_set_orientation complete ......
15:56:37 dmp_enable_feature complete ......
15:56:37 dmp_set_fifo_rate complete ......
15:56:38 mpu_set_dmp_state complete ......
